3
17
18
21
26
27
37
41
46
53
64
72
77
83
89
90
93
94
104
105
127
159
160
166
169
174
177
184
189
191
202
203
206
207
208
209
210
211
214
223
236
244
248
249
250
251
265
271
283
284
285
297
301
323
326
329
331
335
337
338
359
366
377
384
392
394
402
405
418
421
426
429
432
433
438
439
442
447
451
483
489
491
492
493
496
501
504
508
509
513
517
518
520
522
524
529
531
536
537
538
539
542
545
546
548
549
550
551
573
579
580
590
600
603
605
609
612
616
619
620
627
628
631
633
635
636
638
639
645
647
650
651
652
655
657
658
668
671
673
677
679
683
685
686
690
694
701
704
705
707
710
711
713
721
730
731
737
751
753
762
768
773
774
776
779
783
787
791
793
794
795
798
799
802
803
806
809
812
813
814
817
818
829
836
849
852
866
867
870
871
873
874
875
881
890
897
900
903
905
913
914
917
922
925
926
927
936
939
944
950
955
959
961
963
988
990
1015
1016
1023
1027
1031
1035
1036
1037
1045
1051
1056
1089
1092
1093
1096
1111
1118
1131
1135
1145
1150
1151
1152
1153
1154
1158
1163
1167
1168
1217
1223
1245
1262
1272
1291
1326
1338
1344
1355
1381
1386
1389
1391
1396
1397
1399
1404
1406
1407
1408
1412
1417
1418
1424
1428
1429
1430
1434
1436
1438
1440
1446
1449
1451
1457
1463
1466
1467
1468
1471
1472
1473
1475
1477
1478
1482
1484
1485
1486
1487
1490
1491
1492
1494
1495
1496
1497
1498
1501
1502
1504
1505
1507
1508
1510
1512
1514
1515
1516
1519
1521
1522
1524
1527
1529
1530
1531
1535
1536
1539
1540
1542
1543
1544
1546
1547
1549
1550
1555
1556
1563
1576
1580
1584
1588
1593
1596
1606
1620
1623
1649
1650
1652
1654
1655
1656
1657
1670
1671
1685
1687
1688
1695
1700
1702
1707
1709
1716
1729
1733
1741
1742
1754
1761
1764
1781
1785
1803
1804
1819
1822
1825
1826
1828
1839
1852
1854
1855
1860
1862
1863
1864
1866
1867
1869
1872
1882
1884
1885
1887
1890
1891
1907
1910
1912
1914
1917
1918
1919
1920
1928
1929
1942
1944
1956
1958
1961
1966
1967
1968
1970
1972
1974
1977
1979
1984
1990
1991
1992
2000
2002
2008
2013
2014
2015
2016
2017
2024
2025
2033
2034
2035
2040
2044
2049
2053
2059
2070
2080
2089
2114
2159
2185
2190
2195
2199
2203
2207
2212
2213
2215
2217
2219
2220
2221
2222
2239
2240
2244
2269
2271
2274
2288
2292
2295
2306
2309
2317
2325
2326
2331
2335
2336
2346
2362
2364
2365
2369
2370
2375
2382
2396
2397
2412
2416
2419
2423
2448
2450
2451
2453
2460
2461
2463
2467
2509
2517
2533
2556
2563
2569
2583
2587
2588
2598
2603
2608
2616
2617
2618
2621
2624
2634
2636
2644
2658
2660
2661
2662
2667
2670
2674
2682
2683
2686
2690
2693
2698
2706
2708
2719
2728
2736
2738
2743
2747
2749
2751
2753
2761
2769
2770
2772
2775
2777
2783
2796
2806
2809
2824
2828
2843
2844
2847
2851
2852
2855
2856
2863
2866
2876
2878
2879
2887
2893
2895
2897
2899
2905
2906
2908
2914
2922
2928
2932
2933
2934
2940
2943
2946
2950
2955
2967
2979
2988
3000
3001
3010
3013
3016
3036
3040
3042
3073
3074
3094
3107
3120
3121
3125
3127
3131
3137
3142
3144
3149
3153
3157
3160
3163
3168
3175
3179
3187
3194
3196
3197
3229
3240
3253
3258
3270
3281
3283
3289
3293
3300
3307
3309
3316
3322
3329
3336
3360
3377
3394
3402
3407
3410
3416
3419
3432
3438
3439
3445
3450
3463
3476
3494
3500
3504
3508
3509
3513
3514
3516
3517
3520
3524
3527
3530
3536
3540
3544
3556
3558
3559
3564
3573
3575
3579
3583
3586
3588
3598
3599
3601
3604
3606
3607
3610
3611
3612
3616
3617
3618
3619
3621
3622
3623
3624
3626
3628
3631
3632
3633
3634
3635
3636
3637
3638
3639
3640
3641
3653
3654
3655
3663
3664
3666
3667
3671
3672
3673
3674
3675
3676
3677
3678
3680
3681
3683
3685
3686
3687
3688
3690
3691
3692
3693
3695
3696
3698
3699
3700
3701
3702
3703
3704
3706
3709
3713
3714
3715
3716
3720
3721
3722
3723
3724
3725
3726
3727
3728
3729
3731
3736
3742
3743
3746
3747
3749
3751
3753
3754
3758
3760
3761
3766
3768
3769
3770
3771
3774
3780
3781
3782
3783
3784
3785
3786
3787
3788
3789
3790
3791
3794
3802
3803
3804
3805
3812
3813
3814
3815
3820
3824
3832
3835
3837
3838
3841
3842
3846
3849
3855
3856
3858
3859
3860
3861
3862
3863
3872
3877
3883
3890
3893
3894
3895
3898
3901
3904
3905
3906
3909
3911
3913
3915
3917
3919
3922
3924
3925
3926
3929
3930
3936
3938
3944
3945
3946
3947
3948
3954
3959
3962
3963
3967
3968
3971
3972
3973
3974
3976
3979
3980
3981
3982
3984
3985
3986
3988
3989
3991
3993
3994
3995
3997
4000
4003
4004
4006
4007
4008
4010
4011
4014
4016
4017
4021
4026
4032
4033
4035
4036
4037
4039
4040
4041
4043
4045
4046
4047
4048
4050
4057
4059
4061
4062
4064
4066
4071
4072
4076
4077
4079
4080
4083
4087
4088
4089
4091
4093
4100
4105
4115
4116
4118
4119
4121
4124
4132
4134
4135
4136
4137
4138
4141
4142
4143
4146
4147
4148
4150
4153
4155
4157
4160
4167
4171
4174
4180
4183
4184
4188
4189
4191
4192
4193
4194
4195
4196
4201
4202
4208
4211
4212
4213
4214
4215
4216
4221
4222
4224
4225
4226
4227
4228
4233
4241
4242
4243
4245
4246
4248
4258
4260
4261
4264
4265
4266
4270
4272
4276
4280
4281
4287
4289
4290
4291
4292
4300
4302
4303
4304
4305
4306
4315
4317
4318
4322
4324
4327
4330
4331
4336
4338
4339
4342
4346
4348
4350
4351
4352
4354
4355
4357
4359
4361
4364
4366
4368
4369
4371
4372
4375
4379
4380
4382
4386
4387
4391
4395
4397
4398
4400
4403
4406
4407
4410
4411
4415
4416
4417
4418
4419
4421
4422
4424
4428
4429
4432
4434
4441
4442
4444
4446
4447
4448
4454
4457
4458
4464
4465
4467
4468
4470
4475
4478
4491
4495
4496
4500
4503
4504
4505
4506
4508
4509
4510
4511
4516
4518
4520
4523
4524
4526
4527
4528
4530
4531
4534
4536
4537
4538
4539
4540
4541
4543
4546
4548
4551
4552
4555
4556
4560
4561
4564
4565
4570
4574
4577
4578
4580
4581
4582
4587
4588
4594
4596
4597
4598
4602
4604
4609
4610
4611
4614
4615
4621
4622
4623
4624
4628
4629
4632
4637
4640
4643
4644
4651
4652
4654
4655
4656
4658
4659
4660
4661
4664
4665
4666
4667
4668
4672
4674
4675
4679
4680
4682
4686
4691
4692
4696
4699
4700
4701
4702
4707
4708
4714
4717
4718
4721
4723
4725
4728
4730
4732
4735
4738
4739
4741
4743
4744
4746
4748
4752
4754
4755
4758
4760
4763
4764
4768
4770
4774
4775
4778
4779
4783
4785
4787
4788
4789
4790
4806
4811
4815
4822
4827
4832
4835
4838
4840
4842
4843
4845
4858
4859
4867
4868
4871
4872
4874
4875
4876
4879
4880
4881
4883
4885
4887
4889
4895
4898
4901
4902
4903
4906
4908
4910
4912
4916
4920
4921
4924
4927
4930
4935
4936
4937
4940
4942
4943
4945
4956
4957
4958
4967
4968
4970
4971
4974
4977
4979
4981
4982
4983
4984
4985
4988
4990
4991
4992
4994
4995
5000
5004
5005
5013
5022
5023
5025
5028
5034
5037
5038
5041
5042
5048
5053
5054
5066
5067
5070
5073
5077
5078
5080
5086
5089
5099
5102
5104
5106
5111
5112
5113
5114
5123
5124
5125
5128
5129
5132
5137
5144
5147
5154
5156
5162
5172
5175
5188
5201
5210
5216
5220
5225
5234
5237
5239
5267
5276
5277
5285
5287
5288
5299
5319
5325
5328
5336
5341
5342
5343
5344
5345
5355
5356
5360
5363
5364
5365
5366
5370
5373
5378
5382
5383
5388
5392
5408
5418
5419
5422
5426
5447
5449
5451
5457
5463
5467
5468
5472
5497
5506
5508
5509
5511
5523
5533
5549
5555
5557
5558
5567
5571
5582
5585
5589
5590
5592
5594
5600
5602
5603
5609
5613
5614
5621
5627
5630
5631
5635
5642
5644
5649
5654
5691
5695
5696
5697
5698
5699
5701
5703
5704
5708
5715
5719
5727
5729
5747
5756
5761
5769
5772
5775
5777
5778
5781
5793
5794
5800
5819
5835
5845
5846
5848
5855
5859
5860
5864
5873
5876
5879
5881
5885
5888
5925
5945
5946
5949
5951
5952
5953
5956
5960
5962
5991
5997
6012
6017
6019
6024
6037
6041
6051
6055
6061
6075
6087
6088
6092
6093
6097
6098
6102
6104
6138
6154
6155
6161
6170
6179
6180
6183
6184
6189
6197
6202
6226
6233
6243
6248
6259
6261
6264
6265
6277
6279
6280
6292
6294
6296
6299
6300
6310
6314
6315
6320
6328
6330
6338
6341
6346
6347
6348
6349
6358
6365
6373
6380
6382
6386
6387
6388
6403
6404
6411
6413
6416
6417
6421
6424
6425
6426
6428
6430
6431
6439
6440
6441
6449
6453
6456
6462
6471
6474
6476
6477
6478
6492
6503
6510
6514
6519
6523
6527
6532
6536
6542
6546
6547
6551
6554
6558
6564
6570
6572
6576
6577
6578
6581
6582
6589
6592
6599
6603
6605
6607
6612
6626
6628
6629
6631
6639
6640
6642
6644
6647
6649
6654
6656
6661
6664
6666
6667
6671
6673
6678
6681
6682
6684
6691
6698
6699
6702
6703
6706
6708
6711
6734
6735
6736
6743
6744
6747
6749
6754
6758
6760
6761
6767
6769
6771
6774
6787
6788
6803
6805
6806
6812
6817
6821
6822
6825
6833
6838
6840
6842
6845
6850
6854
6855
6858
6860
6861
6867
6869
6874
6882
6884
6885
6886
6902
6906
6909
6910
6915
6918
6920
6938
6948
6950
6955
6956
6961
6962
6967
6985
6987
6996
6999
7002
7014
7019
7021
7030
7031
7047
7062
7070
7076
7086
7098
7111
7115
7119
7124
7126
7130
7131
7141
7142
7146
7148
7152
7153
7156
7158
7160
7175
7177
7184
7186
7187
7189
7195
7196
7201
7203
7209
7210
7221
7228
7233
7234
7236
7240
7241
7246
7249
7256
7260
7261
7262
7265
7267
7280
7300
7304
7305
7309
7313
7314
7317
7320
7323
7324
7327
7328
7331
7332
7334
7338
7340
7342
7349
7352
7383
7386
7387
7394
7396
7397
7398
7399
7400
7401
7402
7403
7404
7406
7409
7411
7413
7417
7426
7436
7439
7449
7461
7486
7556
7585
7587
7598
7617
7637
7639
7641
7684
7738
7741
7758
7772
7779
7790
7828
7893
7899
7920
7924
7951
7956
7963
7993
7995
8004
8007
8014
8015
8016
8017
8021
8032
8041
8042
8044
8047
8049
8050
8051
8067
8070
8072
8073
8076
8077
8082
8084
8085
8091
8094
8095
8097
8098
8099
8102
8106
8108
8110
8133
8138
8154
8158
8160
8163
8165
8167
8169
8171
8173
8176
8177
8180
8196
8214
8218
8228
8239
8245
8250
8252
8254
8255
8256
8257
8266
8269
8273
8280
8286
8287
8290
8291
8292
8295
8307
8310
8328
8330
8337
8339
8344
8345
8354
8357
8363
8376
8380
8382
8385
8388
8389
8390
8399
8405
8407
8413
8415
8432
8433
8437
8438
8447
8449
8454
8455
8458
8460
8464
8468
8471
8473
8475
8482
8484
8485
8488
8494
8498
8499
8501
8502
8504
8505
8507
8509
8512
8513
8521
8528
8531
8541
8542
8544
8547
8554
8559
8561
8563
8564
8565
8570
8573
8574
8575
8591
8592
8599
8600
8603
8604
8611
8614
8621
8622
8626
8634
8638
8641
8645
8652
8659
8662
8665
8666
8667
8669
8673
8674
8677
8678
8690
8692
8695
8701
8705
8706
8707
8708
8713
8714
8715
8717
8719
8721
8723
8725
8728
8730
8731
8732
8735
8744
8746
8748
8751
8752
8753
8754
8755
8756
8757
8758
8761
8762
8763
8764
8765
8766
8767
8770
8771
8773
8774
8775
8776
8778
8779
8780
8781
8783
8788
8798
8802
8806
8807
8810
8814
8819
8820
8821
8822
8823
8826
8827
8829
8832
8836
8840
8841
8842
8843
8844
8846
8847
8850
8851
8856
8857
8860
8869
8877
8879
8883
8889
8892
8895
8902
8903
8904
8905
8908
8909
8916
8923
8930
8931
8932
8935
8936
8937
8939
8941
8942
8943
8946
8948
8950
8951
8955
8962
8963
8971
8972
8974
8976
8978
8997
8998
8999
9004
9006
9009
9010
9011
9015
9016
9018
9019
9025
9064
9074
9081
9115
9122
9123
9145
9146
9153
9169
9175
9187
9206
9210
9241
9268
9279
9298
9299
9313
9314
9318
9337
9368
9369
9374
9383
9390
9405
9440
9457
9462
9465
9469
9470
9483
9489
9493
9495
9505
9523
9526
9527
9541
9554
9568
9577
9586
9596
9606
9632
9645
9651
9652
9656
9658
9671
9673
9676
9678
9680
9682
9689
9697
9705
9720
9725
9726
9728
9736
9745
9749
9750
9753
9754
9764
9767
9768
9769
9770
9771
9772
9773
9774
9775
9776
9777
9784
9785
9799
9816
9817
9824
9828
9829
9834
9836
9837
9838
9840
9841
9842
9845
9849
9850
9852
9853
9857
9863
9869
9876
9877
9884
9887
9912
9913
9927
9929
9943
9948
9959
9965
9976
9982
9983
9984
9996
10000
10002
10005
10008
10012
10013
10014
10015
10033
10048
10051
10064
10072
10074
10084
10121
10127
10129
10130
10136
10139
10154
10157
10163
10164
10165
10166
10168
10170
10172
10173
10174
10175
10176
10179
10187
10195
10197
10198
10199
10201
10206
10207
10208
10222
10232
10234
10237
10253
10256
10264
10267
10274
10280
10283
10288
10294
10301
10305
10314
10341
10348
10357
10377
10381
10411
10424
10431
10433
10436
10445
10447
10459
10462
10476
10477
10478
10480
10481
10482
10484
10487
10497
10514
10515
10517
10520
10521
10523
10526
10527
10528
10529
10531
10537
10539
10540
10543
10545
10549
10550
10551
10552
10554
10555
10556
10557
10560
10562
10566
10569
10574
10575
10576
10577
10582
10583
10586
10588
10591
10592
10595
10597
10599
10600
10601
10606
10607
10608
10609
10610
10611
10612
10613
10614
10615
10618
10619
10620
10621
10622
10624
10625
10626
10629
10630
10631
10633
10640
10641
10643
10650
10651
10652
10653
10659
10660
10661
10662
10663
10666
10672
10673
10675
10677
10678
10679
10680
10683
10684
10692
10693
10694
10697
10698
10699
10702
10703
10706
10708
10713
10715
10717
10720
10721
10722
10723
10724
10726
10727
10730
10731
10735
10740
10744
10745
10746
10747
10748
10773
10805
10856
10874
10931
10983
10985
10986
10987
10989
10992
10995
10997
10998
10999
11000
11002
11003
11004
11007
11009
11011
11013
11014
11016
11017
11018
11020
11021
11022
11032
11034
11036
11039
11040
11041
11044
11048
11053
11054
11055
11059
11064
11067
11068
11069
11070
11072
11074
11080
11081
11082
11094
11097
11107
11112
11113
11117
11118
11122
11133
11134
11143
11167
11168
11173
11174
11175
11176
11177
11182
11183
11189
11198
11204
11207
11211
11215
11218
11219
11223
11224
11225
11229
11235
11239
11243
11245
11253
11261
11262
11263
11268
11274
11276
11292
11296
11298
11312
11314
11322
11327
11329
11334
11337
11340
11343
11344
11346
11349
11360
11361
11374
11382
11385
11386
11387
11391
11397
11403
11406
11407
11408
11409
11411
11412
11413
11414
11415
11418
11420
11422
11427
11430
11431
11432
11433
11434
11435
11438
11439
11440
11441
11444
11451
11460
11464
11465
11476
11479
11491
11497
11500
11503
11504
11516
11517
11519
11520
11533
11534
11535
11542
11554
11567
11568
11581
11582
11586
11587
11588
11590
11591
11595
11596
11752
11759
11761
11765
11787
11816
11832
11833
11843
11882
11889
11935
11946
11950
11975
11982
11995
12000
12009
12010
12012
12043
12062
12064
12068
12071
12076
12088
12113
12119
12124
12131
12149
12151
12152
12153
12154
12158
12159
12162
12163
12164
12166
12167
12168
12171
12173
12176
12177
12183
12184
12185
12187
12189
12193
12195
12198
12201
12202
12203
12206
12207
12208
12210
12215
12216
12217
12219
12221
12224
12227
12228
12230
12232
12233
12235
12237
12238
12240
12242
12243
12245
12247
12251
12253
12254
12255
12261
12264
12265
12275
12278
12279
12286
12288
12289
12290
12291
12292
12295
12298
12299
12300
12301
12302
12303
12305
12306
12309
12310
12312
12313
12314
12316
12317
12321
12325
12326
12327
12329
12330
12333
12334
12340
12349
12350
12352
12354
12355
12356
12359
12361
12362
12364
12366
12367
12370
12371
12373
12378
12379
12380
12383
12385
12386
12388
12389
12395
12396
12400
12401
12405
12407
12408
12409
12410
12411
12412
12413
12414
12415
12419
12420
12423
12425
12426
12429
12431
12432
12436
12437
12439
12440
12446
12449
12453
12469
12480
12482
12484
12486
12487
12494
12495
12498
12499
12503
12504
12505
12508
12510
12511
12512
12513
12514
12519
12524
12525
12526
12527
12531
12536
12544
12546
12548
12550
12552
12553
12555
12556
12558
12562
12565
12568
12572
12573
12574
12577
12578
12583
12586
12588
12592
12594
12596
12600
12603
12604
12606
12610
12614
12616
12622
12623
12627
12628
12629
12630
12632
12633
12638
12640
12641
12642
12643
12647
12648
12650
12651
12654
12655
12665
12666
12669
12671
12672
12673
12675
12676
12677
12678
12679
12680
12682
12684
12687
12689
12691
12693
12695
12696
12697
12700
12706
12709
12716
12721
12724
12725
12727
12729
12734
12739
12747
12750
12754
12757
12767
12772
12777
12785
12786
12787
12790
12793
12794
12797
12799
12800
12807
12811
12812
12815
12817
12818
12832
12842
12843
12846
12849
12851
12858
12860
12861
12872
12874
12875
12879
12886
12895
12897
12899
12904
12905
12912
12942
12945
12946
12951
12952
12957
12959
12967
12974
12976
12977
12986
12987
13003
13005
13008
13028
13029
13039
13069
13079
13085
13087
13103
13104
13109
13114
13116
13117
13137
13139
13140
13142
13147
13148
13149
13156
13162
13163
13165
13178
13183
13187
13195
13198
13199
13201
13209
13220
13221
13230
13236
13237
13246
13259
13272
13277
13279
13280
13287
13293
13300
13320
13336
13347
13351
13355
13359
13373
13375
13384
13385
13416
13417
13435
13456
13466
13467
13471
13495
13497
13500
13501
13502
13520
13536
13550
13551
13565
13581
13585
13593
13600
13615
13632
13633
13634
13639
13641
13656
13657
13659
13664
13665
13671
13683
13692
13694
13698
13702
13710
13712
13724
13728
13734
13739
13744
13745
13747
13748
13750
13753
13826
14258
14283
14311
14351
14530
14569
14708
14826
14948
15489
15574
