2
22
35
44
52
56
59
84
86
87
100
102
106
107
109
110
111
119
121
128
131
165
168
185
186
188
190
193
194
196
197
205
217
222
229
272
291
305
307
322
324
350
351
352
354
360
364
376
386
389
391
396
397
398
452
457
459
460
479
480
515
516
525
540
552
553
556
570
578
581
584
597
599
604
622
626
632
642
664
665
667
689
696
702
727
734
736
739
740
742
743
745
752
754
756
758
759
763
764
770
772
777
788
789
792
796
800
810
824
840
842
845
883
896
902
929
940
941
943
945
952
971
989
1004
1009
1010
1017
1026
1030
1043
1047
1087
1100
1101
1106
1109
1120
1121
1124
1132
1156
1159
1166
1176
1181
1190
1192
1200
1227
1228
1232
1233
1243
1244
1246
1248
1270
1299
1323
1339
1346
1360
1365
1368
1370
1372
1374
1375
1378
1385
1402
1414
1439
1442
1443
1445
1454
1470
1480
1489
1513
1520
1528
1551
1560
1562
1564
1570
1572
1574
1586
1591
1598
1599
1600
1605
1619
1634
1653
1666
1678
1680
1691
1692
1694
1697
1701
1711
1725
1734
1735
1737
1750
1753
1765
1770
1771
1773
1776
1778
1792
1793
1810
1820
1837
1838
1846
1849
1850
1851
1873
1874
1875
1880
1883
1886
1892
1894
1896
1901
1906
1909
1911
1916
1921
1927
1940
1946
1947
1950
1955
1975
1982
2009
2026
2036
2046
2047
2048
2052
2058
2064
2065
2077
2097
2102
2106
2107
2112
2115
2116
2118
2120
2123
2124
2125
2126
2128
2131
2132
2136
2137
2138
2140
2146
2147
2148
2149
2150
2156
2158
2160
2161
2163
2164
2165
2170
2172
2200
2209
2214
2216
2236
2237
2247
2248
2255
2256
2261
2262
2263
2265
2268
2272
2276
2281
2283
2284
2289
2290
2294
2296
2297
2299
2300
2302
2303
2320
2322
2330
2333
2334
2339
2343
2344
2345
2348
2350
2358
2359
2377
2380
2383
2389
2394
2410
2413
2418
2421
2426
2428
2430
2434
2435
2437
2449
2456
2464
2469
2472
2473
2474
2485
2487
2493
2537
2548
2612
2620
2623
2626
2635
2640
2648
2654
2664
2665
2669
2678
2684
2705
2707
2710
2718
2725
2726
2733
2742
2745
2755
2760
2765
2767
2768
2774
2780
2782
2790
2791
2801
2803
2804
2807
2817
2830
2831
2834
2838
2841
2845
2848
2850
2853
2864
2869
2873
2874
2875
2880
2888
2890
2898
2902
2904
2907
2909
2913
2917
2919
2920
2921
2923
2924
2937
2939
2941
2945
2947
2949
2954
2956
2959
2965
2971
2984
2989
2992
2996
3003
3004
3011
3012
3020
3024
3031
3037
3039
3041
3044
3045
3047
3060
3064
3066
3068
3072
3075
3079
3080
3084
3085
3088
3092
3093
3097
3118
3126
3132
3133
3138
3143
3150
3151
3154
3155
3164
3165
3166
3169
3171
3173
3177
3180
3183
3184
3186
3188
3198
3204
3207
3209
3211
3218
3230
3254
3255
3257
3267
3268
3269
3273
3285
3288
3301
3306
3319
3321
3331
3332
3344
3348
3349
3352
3359
3362
3366
3376
3395
3398
3412
3413
3414
3415
3417
3418
3425
3431
3454
3457
3459
3496
3499
3511
3534
3535
3543
3554
3576
3578
3590
3591
3593
3609
3658
3708
3732
3733
3776
3778
3796
3834
3857
3880
3881
3903
3910
3934
3935
3937
3942
3949
3958
3978
4002
4012
4092
4097
4104
4106
4113
4114
4140
4152
4154
4163
4165
4218
4249
4250
4277
4278
4299
4310
4312
4320
4333
4341
4362
4363
4367
4370
4377
4390
4396
4402
4405
4408
4412
4450
4473
4480
4483
4489
4490
4497
4507
4512
4514
4553
4554
4559
4572
4573
4575
4576
4583
4592
4599
4605
4613
4617
4618
4619
4625
4630
4635
4639
4642
4646
4647
4648
4650
4663
4669
4688
4693
4694
4706
4709
4716
4720
4722
4726
4727
4731
4737
4751
4786
4792
4796
4800
4801
4805
4809
4814
4816
4821
4848
4850
4853
4854
4856
4860
4861
4862
4870
4882
4891
4893
4904
4905
4915
4917
4919
4929
4933
4934
4939
4947
4952
4953
4966
4972
4986
4999
5003
5006
5009
5020
5026
5032
5033
5035
5043
5045
5046
5049
5056
5060
5065
5068
5072
5076
5079
5082
5091
5095
5096
5100
5115
5116
5117
5118
5121
5130
5142
5149
5151
5153
5167
5181
5184
5189
5196
5230
5236
5248
5278
5282
5286
5293
5295
5300
5302
5304
5305
5309
5312
5313
5315
5318
5333
5350
5359
5367
5368
5371
5377
5389
5396
5398
5403
5409
5411
5412
5413
5423
5430
5431
5460
5466
5470
5474
5490
5491
5493
5498
5501
5507
5519
5524
5531
5538
5540
5541
5542
5544
5546
5550
5551
5560
5563
5565
5572
5579
5587
5591
5593
5607
5610
5611
5618
5620
5622
5628
5629
5634
5643
5650
5655
5658
5659
5661
5673
5676
5679
5681
5685
5687
5700
5710
5714
5718
5723
5728
5741
5742
5752
5753
5758
5764
5783
5787
5790
5828
5829
5833
5857
5858
5868
5869
5870
5872
5874
5878
5883
5891
5907
5908
5912
5917
5924
5942
5958
5959
5961
5965
5971
5982
6005
6011
6013
6014
6018
6022
6026
6027
6028
6029
6050
6054
6056
6058
6060
6062
6068
6070
6071
6076
6078
6080
6081
6082
6084
6086
6105
6107
6108
6109
6111
6112
6113
6115
6116
6117
6120
6121
6122
6127
6135
6182
6186
6188
6192
6194
6198
6199
6211
6213
6217
6218
6221
6222
6223
6224
6227
6240
6244
6245
6255
6258
6262
6270
6289
6291
6302
6313
6317
6345
6350
6356
6367
6372
6378
6402
6406
6419
6423
6436
6451
6452
6454
6457
6459
6463
6464
6465
6472
6480
6486
6506
6507
6511
6515
6518
6520
6533
6541
6544
6545
6549
6555
6560
6567
6573
6583
6587
6590
6600
6604
6606
6610
6611
6613
6617
6619
6621
6633
6635
6636
6641
6643
6663
6665
6668
6675
6676
6680
6689
6694
6695
6717
6723
6729
6757
6764
6765
6766
6773
6775
6785
6794
6801
6814
6820
6843
6851
6862
6865
6871
6883
6887
6890
6893
6896
6897
6899
6900
6904
6912
6914
6916
6927
6928
6930
6931
6936
6939
6946
6963
6964
6969
6972
6973
6974
6977
6978
6980
6988
6989
6990
6995
6998
7003
7006
7016
7023
7024
7026
7038
7039
7040
7041
7042
7043
7044
7045
7054
7056
7058
7063
7068
7071
7072
7074
7079
7080
7082
7084
7090
7093
7097
7101
7102
7105
7106
7120
7122
7123
7125
7128
7129
7134
7137
7139
7143
7144
7155
7157
7159
7161
7164
7165
7170
7172
7173
7181
7183
7185
7190
7194
7199
7200
7202
7205
7206
7211
7213
7215
7216
7217
7219
7232
7247
7250
7259
7268
7275
7282
7286
7287
7306
7310
7311
7330
7335
7355
7361
7374
7382
7388
7412
7419
7425
7430
7440
7441
7545
7548
7551
7552
7554
7555
7557
7559
7560
7561
7563
7564
7565
7567
7568
7569
7572
7573
7575
7578
7579
7580
7581
7582
7583
7589
7593
7595
7597
7599
7600
7604
7605
7606
7607
7608
7609
7610
7612
7613
7615
7619
7620
7622
7623
7624
7626
7627
7628
7629
7631
7633
7634
7638
7642
7644
7651
7652
7654
7655
7658
7659
7661
7664
7665
7666
7668
7669
7670
7671
7672
7673
7674
7675
7676
7677
7678
7679
7682
7683
7685
7688
7692
7693
7694
7696
7697
7698
7699
7700
7701
7702
7703
7704
7705
7706
7707
7710
7711
7713
7715
7716
7717
7718
7719
7723
7724
7725
7727
7728
7729
7730
7732
7733
7734
7737
7739
7740
7742
7745
7746
7747
7748
7749
7750
7753
7754
7755
7756
7759
7760
7761
7762
7763
7764
7766
7767
7768
7769
7770
7773
7774
7775
7776
7777
7780
7781
7782
7783
7784
7785
7786
7788
7791
7794
7795
7799
7800
7801
7802
7804
7806
7807
7808
7809
7811
7812
7813
7814
7815
7816
7819
7820
7821
7822
7823
7824
7825
7826
7827
7829
7830
7832
7836
7837
7838
7839
7840
7841
7843
7844
7845
7846
7847
7848
7849
7850
7851
7852
7854
7855
7856
7858
7861
7863
7864
7865
7868
7870
7872
7873
7875
7876
7877
7878
7879
7881
7882
7883
7884
7887
7889
7890
7891
7892
7896
7898
7900
7902
7903
7904
7905
7906
7907
7908
7909
7910
7911
7914
7916
7917
7919
7921
7922
7923
7925
7926
7927
7928
7929
7930
7932
7933
7934
7937
7938
7939
7942
7943
7944
7946
7948
7949
7950
7952
7953
7955
7957
7960
7961
7962
7964
7965
7966
7967
7968
7969
7970
7973
7976
7977
7980
7987
7997
8000
8001
8037
8043
8054
8055
8057
8060
8103
8105
8107
8109
8114
8115
8116
8120
8126
8128
8129
8130
8131
8132
8136
8137
8139
8140
8141
8142
8143
8144
8145
8146
8147
8148
8149
8150
8151
8152
8153
8155
8157
8159
8162
8164
8166
8168
8172
8181
8185
8186
8191
8192
8193
8194
8201
8205
8208
8212
8213
8220
8222
8223
8224
8226
8227
8229
8230
8232
8234
8241
8242
8244
8246
8251
8253
8272
8279
8283
8284
8285
8320
8326
8340
8342
8343
8348
8349
8351
8352
8353
8356
8358
8362
8365
8370
8377
8379
8383
8387
8395
8402
8403
8404
8408
8416
8417
8419
8420
8421
8422
8424
8425
8431
8434
8439
8440
8442
8443
8444
8448
8451
8461
8462
8463
8469
8470
8472
8476
8479
8483
8486
8492
8493
8495
8508
8510
8515
8522
8524
8525
8534
8540
8550
8553
8558
8562
8568
8569
8577
8579
8581
8583
8595
8597
8598
8605
8612
8616
8617
8619
8620
8628
8630
8636
8637
8640
8679
8680
8681
8688
8693
8709
8712
8718
8720
8734
8803
8804
8864
8886
8900
8906
8907
8912
8917
8918
8922
8933
8949
8958
8964
8965
8966
8979
8992
8996
9000
9001
9013
9021
9022
9024
9026
9034
9062
9071
9078
9087
9088
9091
9096
9126
9130
9135
9138
9148
9149
9151
9152
9157
9164
9182
9184
9188
9190
9197
9205
9208
9212
9230
9248
9250
9251
9267
9270
9273
9275
9276
9277
9278
9281
9283
9284
9308
9341
9342
9349
9359
9360
9394
9399
9410
9415
9433
9451
9475
9544
9571
9700
9727
9751
9789
9870
9890
9898
9936
9937
9940
9941
9945
9947
9964
9974
9997
9999
10016
10018
10026
10027
10053
10062
10111
10169
10200
10211
10227
10228
10236
10240
10242
10245
10246
10248
10258
10259
10266
10270
10276
10277
10278
10299
10307
10342
10400
10440
10444
10464
10466
10474
10498
10510
10519
10522
10535
10536
10548
10561
10567
10568
10579
10581
10585
10616
10623
10628
10636
10639
10644
10645
10646
10647
10648
10655
10658
10664
10671
10691
10700
10701
10709
10712
10716
10725
10728
10733
10739
10742
10749
10750
10752
10753
10754
10765
10767
10768
10797
10804
10834
10835
10836
10839
10870
10875
10882
10887
10890
10891
10896
10897
10898
10899
10900
10901
10912
10942
10950
10961
10962
10963
10965
10966
10967
10980
10981
10984
10994
11010
11019
11028
11042
11043
11045
11060
11063
11114
11130
11153
11248
11250
11251
11269
11299
11300
11309
11315
11321
11324
11330
11341
11365
11367
11369
11371
11373
11379
11381
11392
11394
11395
11450
11475
11502
11526
11546
11552
11562
11763
11773
11779
11784
11790
11791
11794
11797
11799
11800
11801
11802
11803
11804
11806
11807
11808
11809
11810
11811
11812
11813
11817
11818
11819
11822
11823
11824
11842
11845
11850
11853
11854
11863
11891
11893
11896
11900
11909
11910
11911
11912
11913
11914
11915
11916
11917
11918
11919
11920
11921
11922
11923
11924
11925
11926
11927
11928
11929
11930
11931
11932
11933
11934
11936
11937
11938
11939
11940
11941
11942
11943
11947
11948
11949
11951
11953
11958
11959
11960
11961
11962
11964
11965
11966
11967
11968
11969
11970
11971
11972
11973
11974
11976
11978
11980
11985
11999
12005
12007
12008
12015
12019
12025
12027
12034
12065
12067
12069
12078
12081
12089
12091
12092
12094
12097
12107
12112
12135
12136
12137
12140
12141
12146
12148
12157
12161
12170
12172
12194
12213
12236
12239
12248
12259
12260
12272
12276
12285
12384
12406
12416
12418
12421
12485
12492
12497
12501
12509
12528
12529
12533
12557
12559
12561
12567
12576
12591
12595
12597
12598
12605
12607
12608
12613
12618
12625
12626
12636
12674
12718
12731
12735
12736
12743
12744
12746
12751
12756
12762
12768
12770
12780
12789
12801
12803
12806
12808
12816
12819
12820
12824
12825
12826
12841
12852
12877
12880
12883
12885
12901
12902
12910
12911
12913
12917
12920
12925
12932
12933
12935
12938
12939
12948
12949
12954
12955
12956
12965
12966
12968
12971
12978
12981
12982
12984
12999
13012
13014
13019
13025
13030
13031
13032
13033
13047
13048
13056
13060
13063
13064
13065
13067
13070
13076
13080
13081
13082
13083
13089
13092
13094
13095
13097
13098
13099
13101
13106
13107
13121
13143
13145
13154
13157
13158
13164
13166
13168
13169
13170
13172
13173
13174
13175
13182
13186
13197
13203
13206
13208
13214
13224
13226
13231
13233
13245
13247
13254
13256
13261
13263
13265
13268
13278
13283
13284
13288
13289
13295
13296
13305
13313
13314
13321
13322
13323
13325
13328
13330
13331
13332
13334
13344
13346
13348
13350
13353
13354
13356
13362
13363
13364
13366
13367
13368
13374
13377
13380
13381
13392
13393
13394
13401
13402
13403
13407
13408
13409
13410
13412
13418
13420
13421
13423
13428
13429
13432
13433
13434
13437
13438
13441
13446
13448
13450
13451
13453
13455
13457
13458
13459
13460
13463
13465
13468
13469
13470
13472
13474
13476
13477
13478
13481
13482
13486
13487
13489
13490
13494
13498
13509
13511
13514
13515
13521
13535
13583
13599
13605
13611
13649
13693
13731
13732
13788
13789
13790
13805
13807
13814
13992
13996
14077
14186
14217
14218
14219
14220
14221
14222
14223
14224
14225
14226
14227
14228
14229
14230
14265
14266
14291
14323
14339
14341
14401
14405
14422
14454
14558
14565
14575
14592
14594
14595
14605
14606
14609
14618
14620
14627
14628
14629
14630
14631
14632
14653
14654
14655
14656
14657
14658
14659
14660
14666
14676
14695
14707
14722
14731
14732
14733
14734
14740
14754
14808
14878
14887
14894
14895
14931
14932
14933
14934
14935
14936
14940
14986
14988
14989
14992
15008
15009
15026
15027
15044
15059
15501
