9
13
15
16
20
25
28
30
32
48
49
50
51
54
55
60
61
66
71
73
74
75
78
79
85
97
103
118
120
136
140
141
146
151
154
162
163
164
167
179
183
212
225
226
235
241
242
243
259
262
263
270
281
282
294
295
299
312
316
317
320
321
345
348
355
356
357
358
368
378
393
399
404
407
410
417
420
435
444
449
455
458
463
464
468
469
472
475
481
498
511
519
523
541
544
554
557
559
560
562
563
564
565
566
569
575
577
583
585
586
587
588
594
598
644
649
659
660
662
669
670
675
678
682
684
687
688
691
695
700
718
728
732
733
744
747
778
780
784
786
808
815
827
835
839
895
911
919
942
966
1005
1006
1007
1008
1011
1012
1013
1014
1020
1050
1052
1065
1066
1069
1070
1072
1073
1076
1085
1091
1094
1102
1103
1104
1105
1107
1123
1142
1146
1147
1155
1157
1164
1170
1172
1175
1177
1178
1179
1180
1182
1184
1186
1189
1191
1194
1198
1199
1201
1202
1203
1205
1206
1207
1208
1209
1212
1213
1215
1216
1218
1219
1221
1222
1225
1229
1231
1234
1235
1236
1237
1240
1241
1242
1247
1251
1255
1256
1260
1263
1265
1268
1269
1271
1273
1275
1276
1278
1279
1280
1281
1282
1283
1289
1290
1293
1294
1295
1297
1298
1301
1302
1304
1305
1306
1307
1308
1309
1310
1313
1314
1315
1317
1318
1319
1320
1321
1322
1324
1325
1328
1329
1332
1333
1334
1335
1340
1341
1342
1343
1345
1348
1349
1350
1352
1353
1354
1356
1361
1363
1392
1425
1456
1459
1479
1488
1537
1545
1558
1561
1575
1578
1583
1589
1604
1621
1624
1625
1626
1629
1630
1635
1647
1648
1669
1672
1683
1689
1693
1703
1714
1715
1719
1720
1722
1723
1726
1738
1739
1743
1763
1774
1777
1780
1783
1784
1786
1787
1788
1790
1794
1799
1800
1802
1807
1809
1815
1827
1833
1834
1843
1857
1858
1876
1878
1879
1881
1888
1889
1904
1905
1908
1913
1923
1943
1945
1957
1995
2012
2021
2037
2050
2051
2057
2061
2068
2073
2075
2081
2082
2083
2093
2098
2105
2110
2113
2130
2152
2155
2157
2167
2173
2174
2178
2179
2180
2182
2183
2191
2205
2206
2224
2225
2229
2259
2260
2275
2277
2279
2308
2319
2327
2338
2341
2342
2351
2353
2378
2379
2387
2395
2406
2408
2414
2458
2466
2476
2479
2508
2512
2518
2519
2550
2567
2580
2584
2595
2639
2657
2659
2663
2685
2701
2717
2723
2730
2763
2766
2776
2778
2779
2794
2799
2808
2819
2820
2835
2867
2877
2892
2901
2935
2936
2938
2942
2951
2952
2964
2969
2972
2975
2980
2982
2985
3002
3005
3008
3030
3033
3035
3038
3046
3054
3056
3057
3058
3061
3063
3071
3077
3078
3081
3082
3089
3091
3095
3102
3103
3108
3109
3124
3128
3134
3135
3136
3139
3146
3152
3156
3162
3174
3176
3189
3190
3193
3199
3201
3249
3251
3252
3259
3260
3264
3265
3275
3277
3279
3292
3295
3298
3302
3308
3310
3313
3339
3341
3343
3347
3353
3370
3372
3375
3380
3382
3387
3388
3389
3396
3403
3408
3420
3443
3446
3455
3469
3471
3472
3475
3478
3482
3488
3492
3495
3497
3506
3512
3526
3555
3557
3592
3620
3642
3652
3711
3737
3756
3757
3759
3767
3825
3844
3874
3884
3902
3907
3920
3931
3950
3956
3975
3992
4005
4013
4044
4060
4065
4068
4078
4086
4161
4175
4206
4207
4209
4210
4223
4231
4259
4262
4267
4268
4282
4295
4309
4316
4319
4326
4383
4385
4394
4413
4420
4452
4455
4456
4469
4522
4533
4535
4544
4557
4584
4589
4603
4616
4626
4631
4633
4636
4703
4704
4710
4747
4753
4756
4765
4777
4803
4804
4808
4810
4812
4813
4824
4865
4869
4896
4899
4918
4938
4944
4962
4980
4987
5012
5052
5055
5088
5090
5097
5101
5105
5107
5108
5109
5110
5119
5120
5131
5133
5134
5138
5141
5145
5150
5168
5170
5173
5174
5177
5178
5182
5183
5186
5190
5191
5192
5193
5198
5199
5203
5204
5205
5206
5207
5209
5211
5212
5213
5224
5227
5228
5231
5232
5235
5238
5240
5242
5253
5254
5255
5256
5258
5259
5260
5261
5263
5264
5269
5270
5272
5273
5274
5275
5289
5294
5303
5307
5311
5323
5326
5330
5331
5339
5348
5349
5354
5385
5394
5399
5404
5405
5406
5407
5417
5421
5425
5428
5432
5434
5438
5439
5440
5441
5442
5443
5444
5446
5448
5454
5459
5461
5465
5473
5475
5476
5477
5479
5482
5483
5484
5485
5486
5487
5488
5489
5494
5495
5496
5502
5503
5504
5505
5514
5516
5520
5534
5535
5537
5553
5556
5569
5576
5577
5578
5583
5584
5598
5599
5604
5605
5625
5632
5637
5641
5646
5648
5651
5670
5671
5672
5693
5702
5724
5750
5751
5755
5759
5762
5763
5771
5776
5780
5784
5788
5799
5803
5806
5811
5820
5821
5825
5826
5842
5867
5913
5955
5963
5970
5995
6000
6020
6025
6048
6057
6077
6119
6128
6148
6151
6152
6153
6169
6195
6206
6208
6214
6242
6281
6305
6307
6318
6323
6326
6327
6383
6390
6399
6410
6412
6420
6427
6433
6437
6442
6445
6448
6461
6469
6499
6513
6516
6522
6524
6525
6531
6538
6553
6566
6595
6614
6646
6648
6650
6651
6653
6657
6658
6662
6677
6679
6683
6705
6710
6713
6715
6720
6728
6730
6733
6751
6756
6762
6763
6780
6781
6791
6793
6800
6804
6809
6810
6813
6815
6823
6828
6832
6849
6859
6870
6876
6880
6881
6889
6898
6922
6943
6947
6951
6954
6960
6983
6997
7052
7075
7088
7162
7168
7169
7176
7192
7204
7207
7229
7230
7231
7242
7244
7245
7248
7254
7274
7301
7303
7322
7329
7391
7395
7429
7453
7471
7553
7577
7590
7614
7630
7636
7660
7687
7689
7695
7708
7726
7731
7736
7743
7757
7787
7792
7793
7796
7797
7805
7810
7817
7831
7862
7867
7869
7895
7918
7931
7935
7971
8010
8027
8029
8030
8033
8036
8045
8089
8104
8117
8125
8161
8179
8182
8184
8187
8211
8216
8308
8323
8341
8375
8381
8384
8386
8396
8398
8401
8423
8426
8436
8446
8465
8480
8489
8496
8506
8519
8520
8527
8530
8538
8539
8543
8546
8548
8549
8560
8571
8572
8578
8580
8584
8585
8587
8589
8602
8608
8609
8613
8627
8651
8653
8670
8671
8684
8711
8740
8760
8772
8791
8801
8805
8812
8818
8839
8845
8858
8872
8881
8910
8924
8956
8967
9002
9032
9046
9054
9063
9066
9093
9113
9154
9174
9181
9203
9262
9291
9301
9303
9305
9306
9309
9315
9325
9326
9339
9362
9395
9404
9420
9430
9496
9521
9598
9616
9617
9636
9650
9669
9690
9701
9744
9757
9762
9803
9809
9826
9827
9835
9844
9861
9871
9873
9880
9889
9904
9921
9925
9956
9972
9990
9993
10021
10079
10122
10124
10126
10141
10155
10190
10203
10205
10216
10231
10233
10254
10261
10269
10271
10353
10360
10362
10395
10460
10461
10485
10486
10489
10490
10496
10533
10565
10572
10573
10580
10602
10603
10669
10670
10685
10751
10755
10758
10759
10760
10761
10762
10763
10764
10769
10770
10771
10772
10774
10776
10777
10778
10779
10780
10781
10782
10783
10784
10785
10786
10787
10791
10798
10800
10803
10807
10809
10810
10812
10813
10814
10815
10816
10817
10818
10820
10821
10822
10823
10824
10825
10826
10828
10829
10830
10831
10832
10833
10837
10838
10840
10841
10842
10843
10844
10845
10846
10847
10848
10849
10850
10851
10853
10854
10855
10857
10858
10859
10860
10862
10863
10864
10865
10866
10867
10868
10869
10872
10873
10877
10878
10879
10880
10881
10883
10884
10885
10886
10888
10894
10895
10902
10903
10904
10906
10907
10908
10909
10910
10911
10914
10915
10916
10917
10918
10919
10920
10921
10922
10923
10924
10925
10926
10927
10929
10930
10932
10934
10935
10936
10937
10938
10939
10943
10944
10945
10946
10947
10948
10949
10952
10953
10954
10955
10956
10957
10958
10960
10964
10969
10970
10972
10973
10974
10975
10977
10978
10979
10982
10988
10993
11047
11051
11061
11106
11237
11267
11287
11307
11310
11325
11326
11466
11563
11755
11783
11792
11793
11795
11796
11798
11814
11821
11825
11826
11829
11834
11835
11836
11837
11838
11839
11840
11841
11844
11846
11847
11848
11849
11851
11855
11857
11858
11859
11860
11861
11864
11866
11867
11870
11872
11873
11874
11875
11876
11877
11879
11880
11881
11883
11884
11888
11890
11892
11894
11895
11897
11899
11901
11902
11903
11904
11905
11908
11952
11955
11977
11986
11990
11991
12003
12006
12013
12016
12017
12020
12022
12024
12026
12028
12032
12037
12038
12059
12063
12079
12085
12090
12093
12102
12105
12109
12114
12116
12117
12126
12129
12132
12133
12138
12156
12182
12223
12244
12250
12263
12269
12273
12280
12281
12284
12294
12304
12307
12320
12336
12344
12348
12351
12358
12369
12428
12433
12441
12465
12476
12491
12507
12543
12545
12551
12560
12571
12580
12602
12609
12611
12617
12620
12624
12635
12639
12649
12664
12688
12692
12698
12733
12742
12752
12753
12761
12766
12773
12776
12781
12795
12802
12810
12813
12821
12823
12828
12829
12830
12831
12833
12835
12836
12839
12847
12853
12854
12865
12884
12890
12891
12893
12898
12907
12915
12918
12919
12924
12927
12928
12930
12941
12947
12958
12960
12962
12963
12964
12973
12975
12979
12980
12983
12985
12989
12990
12993
12995
12996
12997
12998
13001
13002
13004
13007
13009
13011
13013
13016
13017
13018
13020
13021
13023
13024
13026
13027
13035
13036
13037
13038
13041
13045
13046
13050
13052
13054
13058
13059
13066
13068
13074
13075
13086
13091
13102
13128
13159
13160
13171
13176
13177
13181
13189
13190
13193
13194
13200
13204
13207
13210
13212
13213
13215
13222
13229
13232
13234
13235
13238
13241
13242
13243
13250
13253
13255
13257
13269
13290
13291
13292
13298
13306
13309
13315
13316
13324
13329
13352
13357
13399
13419
13440
13462
13503
13505
13506
13507
13508
13567
13616
13707
13708
13714
13737
13755
13787
13791
13836
13850
13955
13973
13990
13991
14043
14078
14191
14255
14326
14332
14352
14353
14361
14393
14402
14436
14438
14481
14486
14494
14508
14514
14533
14552
14555
14568
14583
14584
14586
14596
14597
14601
14602
14625
14626
14651
14680
14744
14791
14795
14796
14818
14850
14879
14963
14964
14966
14980
15482
15491
