5
11
12
14
29
34
40
65
67
68
114
116
142
155
158
170
172
192
195
198
227
233
238
269
296
302
303
306
315
334
380
401
406
415
416
423
424
434
436
441
443
445
448
450
470
478
484
534
561
576
606
608
618
641
661
693
699
706
712
746
748
749
760
765
766
781
805
811
819
821
822
844
858
859
860
861
862
864
865
868
869
885
887
921
924
930
953
954
967
1019
1029
1032
1049
1063
1080
1112
1113
1140
1149
1160
1161
1162
1183
1195
1226
1238
1254
1337
1362
1377
1379
1382
1383
1387
1390
1393
1398
1400
1401
1405
1410
1411
1413
1416
1423
1426
1427
1432
1435
1437
1444
1448
1452
1458
1462
1476
1509
1517
1532
1559
1577
1579
1581
1585
1592
1594
1595
1622
1627
1633
1639
1641
1642
1643
1644
1645
1646
1658
1661
1664
1665
1667
1668
1674
1675
1676
1684
1686
1699
1724
1728
1752
1755
1756
1769
1775
1798
1801
1806
1808
1811
1812
1813
1817
1818
1830
1845
1847
1868
1870
1871
1877
1893
1903
1922
1924
1933
1935
1939
1948
1949
1951
1952
1953
1960
1964
1965
1969
1971
1983
1987
1988
1994
1998
2006
2007
2010
2023
2027
2055
2056
2060
2062
2066
2069
2074
2090
2091
2092
2095
2099
2100
2101
2139
2141
2145
2154
2166
2168
2171
2184
2186
2198
2201
2218
2226
2227
2230
2232
2234
2235
2238
2241
2242
2243
2245
2246
2249
2252
2253
2267
2282
2285
2287
2293
2310
2311
2312
2313
2316
2318
2321
2323
2340
2347
2356
2357
2361
2368
2372
2381
2386
2391
2393
2398
2401
2402
2403
2404
2409
2415
2420
2422
2424
2425
2429
2432
2438
2439
2442
2443
2445
2447
2454
2455
2457
2465
2468
2470
2478
2481
2482
2483
2484
2486
2488
2489
2491
2494
2497
2498
2502
2503
2504
2505
2506
2510
2511
2513
2514
2516
2521
2524
2526
2530
2532
2534
2535
2538
2539
2541
2542
2543
2544
2545
2546
2551
2552
2554
2555
2557
2559
2561
2562
2568
2570
2572
2573
2574
2577
2585
2586
2589
2590
2591
2592
2593
2594
2600
2602
2605
2606
2609
2613
2614
2619
2627
2628
2629
2633
2655
2656
2666
2668
2675
2677
2679
2680
2681
2692
2695
2702
2703
2715
2716
2720
2721
2727
2731
2735
2741
2746
2748
2752
2759
2786
2787
2788
2789
2795
2798
2802
2812
2814
2815
2816
2818
2826
2849
2861
2865
2868
2881
2884
2915
2916
2918
2925
2926
2960
2961
2962
2963
2973
2978
2981
2983
2986
2990
2994
2998
2999
3007
3014
3015
3019
3048
3049
3050
3052
3053
3069
3070
3086
3090
3110
3112
3141
3148
3170
3182
3210
3220
3238
3241
3242
3263
3271
3276
3297
3311
3323
3327
3330
3355
3378
3383
3392
3393
3430
3447
3464
3480
3487
3490
3501
3502
3503
3531
3537
3550
3560
3561
3566
3577
3582
3584
3585
3587
3625
3629
3670
3750
3755
3806
3807
3819
3833
3840
3847
3876
3888
3899
3923
4020
4042
4063
4067
4074
4096
4133
4162
4178
4186
4199
4219
4232
4239
4240
4247
4254
4257
4283
4301
4314
4329
4334
4344
4389
4399
4401
4414
4433
4453
4459
4460
4461
4463
4476
4493
4494
4501
4515
4550
4562
4579
4586
4678
4683
4685
4711
4749
4757
4759
4776
4793
4802
4817
4820
4830
4831
4836
4841
4849
4857
4866
4877
4888
4890
4894
4913
4923
4925
4951
4955
4969
4989
5014
5016
5017
5019
5024
5027
5029
5031
5044
5063
5069
5081
5083
5093
5122
5135
5163
5164
5233
5251
5265
5268
5271
5279
5280
5283
5284
5301
5357
5358
5361
5362
5372
5375
5387
5390
5391
5393
5395
5402
5416
5429
5433
5435
5437
5445
5456
5462
5478
5481
5513
5515
5528
5547
5552
5559
5564
5570
5588
5606
5608
5616
5619
5623
5624
5638
5656
5657
5694
5739
5760
5808
5810
5836
5838
5839
5841
5843
5847
5850
5894
5895
5918
5927
5940
5944
5967
5972
5974
5975
5977
5980
5981
5984
5986
5988
5989
5990
5993
5994
5996
6010
6031
6046
6049
6063
6089
6090
6091
6099
6103
6106
6123
6126
6131
6134
6137
6139
6142
6164
6172
6176
6204
6209
6212
6225
6229
6235
6247
6260
6263
6268
6274
6278
6286
6288
6290
6304
6316
6322
6324
6325
6329
6331
6333
6336
6337
6351
6357
6366
6368
6369
6370
6371
6375
6381
6394
6397
6467
6470
6485
6491
6493
6495
6508
6521
6526
6535
6556
6569
6571
6591
6593
6594
6601
6623
6637
6638
6652
6660
6685
6716
6721
6722
6732
6737
6755
6770
6777
6798
6830
6831
6834
6839
6846
6847
6848
6856
6857
6868
6878
6891
6903
6908
6913
6921
6925
6934
6942
6949
6957
6958
6971
6976
6979
6981
6986
6992
7004
7007
7011
7012
7013
7015
7017
7018
7025
7028
7032
7037
7051
7053
7060
7066
7077
7081
7087
7089
7091
7104
7107
7109
7110
7113
7116
7117
7118
7121
7127
7133
7149
7150
7154
7174
7182
7197
7198
7208
7214
7237
7243
7251
7266
7270
7271
7272
7273
7276
7277
7278
7279
7281
7283
7290
7291
7292
7293
7295
7297
7298
7299
7307
7308
7343
7344
7345
7346
7348
7350
7351
7353
7354
7356
7357
7358
7359
7360
7362
7363
7366
7367
7368
7369
7370
7371
7372
7376
7377
7378
7380
7385
7389
7390
7392
7415
7416
7418
7421
7424
7432
7527
7546
7602
7662
7680
7720
7765
7771
7989
7996
8002
8003
8005
8008
8009
8019
8020
8031
8035
8039
8052
8058
8066
8069
8071
8075
8079
8081
8083
8087
8088
8090
8170
8189
8260
8262
8264
8267
8275
8277
8281
8289
8312
8314
8315
8319
8321
8324
8325
8335
8338
8360
8361
8369
8372
8394
8397
8409
8412
8428
8430
8453
8459
8466
8467
8477
8487
8497
8500
8514
8516
8529
8551
8576
8582
8590
8593
8601
8606
8607
8610
8624
8629
8631
8633
8642
8646
8647
8648
8650
8656
8657
8661
8663
8682
8689
8696
8702
8704
8710
8724
8726
8739
8742
8749
8750
8759
8768
8790
8794
8795
8796
8797
8799
8800
8815
8816
8828
8830
8833
8848
8849
8852
8873
8874
8887
8888
8890
8891
8893
8896
8914
8915
8921
8925
8927
8953
8954
8957
8959
8973
8995
9005
9007
9012
9020
9023
9028
9045
9057
9068
9103
9131
9246
9271
9330
9431
9434
9435
9437
9438
9439
9442
9443
9445
9446
9448
9449
9452
9453
9454
9455
9456
9459
9460
9461
9464
9466
9467
9468
9471
9472
9474
9476
9478
9479
9480
9481
9482
9484
9486
9487
9488
9491
9492
9497
9498
9500
9501
9503
9506
9507
9512
9513
9514
9515
9516
9519
9520
9522
9525
9528
9529
9530
9531
9532
9535
9538
9539
9540
9542
9543
9545
9546
9548
9549
9550
9551
9552
9553
9555
9557
9558
9560
9562
9563
9566
9567
9569
9570
9572
9573
9574
9575
9576
9578
9579
9581
9582
9584
9585
9587
9588
9589
9590
9592
9593
9594
9595
9597
9600
9601
9602
9603
9604
9605
9609
9611
9612
9613
9614
9615
9618
9619
9620
9623
9624
9625
9626
9627
9628
9630
9631
9633
9635
9637
9639
9641
9642
9644
9647
9648
9655
9677
9714
9760
9783
9790
9867
9872
9882
9960
10038
10077
10213
10230
10243
10279
10285
10286
10302
10356
10454
10455
10457
10469
10470
10471
10501
10530
10534
10546
10559
10587
10593
10635
10638
10649
10665
10686
10719
10737
10738
10852
10876
11023
11024
11030
11035
11146
11216
11323
11370
11375
11378
11426
11449
11453
11462
11492
11561
11878
11887
11944
12139
12150
12155
12179
12190
12205
12211
12225
12229
12256
12266
12277
12283
12324
12360
12365
12382
12394
12438
12459
12481
12496
12530
12564
12634
12685
12703
12704
12707
12774
12784
12809
12822
12844
12856
12859
12867
12894
12903
12988
13022
13078
13088
13096
13105
13110
13112
13129
13138
13141
13150
13152
13179
13202
13228
13240
13248
13252
13258
13260
13266
13271
13273
13274
13282
13286
13297
13317
13326
13349
13358
13361
13387
13388
13400
13422
13431
13439
13483
13513
13557
13561
13576
13578
13582
13587
13590
13595
13597
13598
13602
13603
13606
13609
13610
13617
13618
13619
13621
13624
13627
13628
13655
13661
13662
13663
13672
13673
13674
13675
13705
13709
13715
13726
13736
13751
13779
13798
13829
13841
13846
13859
13988
13989
14010
14024
14074
14075
14080
14084
14087
14096
14147
14152
14194
14195
14196
14198
14203
14210
14211
14212
14213
14215
14216
14231
14235
14237
14239
14240
14241
14242
14245
14246
14247
14249
14250
14251
14253
14254
14264
14267
14269
14270
14271
14276
14277
14278
14279
14280
14281
14282
14284
14287
14288
14289
14294
14297
14298
14299
14300
14301
14302
14303
14305
14307
14308
14309
14312
14313
14315
14320
14321
14322
14325
14327
14328
14329
14331
14333
14334
14335
14337
14338
14340
14342
14344
14345
14360
14362
14363
14365
14366
14397
14398
14409
14418
14420
14423
14424
14425
14429
14430
14431
14432
14433
14434
14435
14437
14439
14440
14441
14447
14448
14449
14450
14455
14461
14462
14464
14465
14466
14467
14469
14470
14477
14478
14479
14480
14482
14483
14484
14485
14487
14488
14489
14490
14491
14495
14496
14497
14501
14511
14519
14521
14526
14540
14541
14546
14547
14548
14549
14550
14551
14566
14567
14570
14574
14576
14579
14580
14582
14585
14587
14588
14589
14591
14593
14598
14635
14639
14643
14644
14646
14649
14661
14690
14691
14693
14697
14698
14713
14735
14757
14767
14769
14770
14772
14773
14774
14775
14784
14785
14786
14788
14789
14790
14798
14803
14804
14809
14821
14847
14921
14957
14975
14990
14995
15041
15497
15630
