57
80
81
88
91
92
95
96
99
117
124
126
130
134
135
138
147
157
173
182
200
201
218
219
232
239
268
273
274
286
287
290
298
309
313
319
330
333
349
383
385
390
395
427
428
430
431
453
456
461
462
467
473
476
477
487
495
502
503
506
512
514
526
528
533
543
572
582
589
593
601
611
617
629
637
640
653
654
656
692
698
703
725
735
750
755
761
771
782
790
801
807
823
856
878
898
901
906
907
908
910
923
928
931
934
1053
1098
1117
1119
1138
1165
1173
1214
1261
1266
1267
1277
1311
1327
1351
1369
1371
1373
1376
1380
1388
1394
1422
1431
1441
1455
1465
1493
1503
1511
1518
1538
1541
1566
1567
1568
1569
1571
1573
1601
1602
1607
1608
1609
1610
1611
1612
1631
1636
1651
1660
1679
1681
1682
1696
1705
1727
1731
1736
1746
1749
1760
1762
1766
1767
1772
1779
1795
1824
1829
1844
1848
1861
1895
1897
1898
1934
1954
1976
1980
1993
1996
1997
2001
2004
2028
2030
2032
2039
2041
2042
2045
2063
2067
2071
2084
2085
2086
2088
2103
2104
2108
2109
2111
2117
2119
2121
2122
2134
2135
2143
2176
2189
2192
2228
2231
2254
2257
2273
2298
2307
2314
2315
2324
2349
2360
2373
2374
2392
2433
2500
2520
2523
2536
2547
2549
2558
2560
2571
2611
2622
2630
2632
2638
2641
2642
2643
2645
2649
2650
2671
2672
2687
2689
2691
2694
2696
2700
2712
2713
2714
2729
2732
2744
2750
2757
2758
2762
2771
2773
2781
2784
2792
2793
2797
2805
2810
2811
2813
2821
2822
2827
2829
2837
2854
2860
2862
2872
2882
2883
2894
2896
2944
2948
2957
2966
2974
2987
2991
2997
3009
3017
3022
3023
3028
3032
3051
3062
3083
3098
3100
3105
3113
3115
3117
3119
3122
3123
3147
3158
3167
3172
3185
3191
3192
3195
3200
3213
3214
3215
3217
3221
3222
3226
3228
3234
3236
3245
3246
3247
3248
3256
3272
3280
3290
3296
3299
3304
3312
3314
3315
3317
3318
3325
3328
3340
3346
3357
3361
3367
3369
3373
3379
3384
3385
3386
3401
3405
3409
3411
3424
3428
3433
3436
3441
3442
3449
3452
3453
3461
3473
3474
3481
3485
3486
3491
3493
3505
3518
3521
3522
3523
3528
3529
3545
3551
3552
3563
3565
3567
3568
3569
3571
3572
3574
3597
3600
3603
3608
3627
3661
3662
3707
3712
3735
3740
3763
3765
3773
3775
3777
3793
3797
3798
3799
3800
3801
3811
3816
3817
3822
3826
3827
3839
3851
3852
3864
3866
3885
3914
3932
3933
3939
3943
3977
3996
3999
4028
4055
4069
4075
4081
4098
4101
4111
4123
4126
4128
4129
4130
4139
4166
4168
4170
4172
4177
4181
4182
4190
4198
4200
4220
4229
4236
4251
4253
4263
4269
4271
4279
4285
4288
4293
4307
4313
4321
4328
4337
4349
4356
4358
4365
4373
4374
4376
4381
4388
4392
4393
4425
4426
4430
4437
4440
4443
4472
4477
4479
4482
4484
4486
4487
4499
4521
4525
4529
4532
4547
4558
4566
4567
4568
4585
4593
4595
4606
4607
4608
4620
4641
4649
4653
4671
4690
4695
4712
4713
4729
4736
4742
4750
4771
4772
4782
4795
4807
4818
4829
4834
4837
4839
4844
4846
4847
4851
4855
4864
4873
4897
4909
4911
4914
4928
4946
4950
4963
4978
5002
5008
5015
5040
5050
5058
5061
5062
5084
5085
5087
5094
5098
5139
5140
5152
5155
5158
5159
5165
5169
5176
5180
5194
5195
5197
5200
5202
5217
5218
5223
5229
5243
5246
5252
5290
5291
5292
5298
5306
5308
5314
5316
5317
5322
5324
5327
5329
5332
5334
5335
5337
5338
5340
5379
5380
5381
5397
5400
5401
5410
5414
5455
5464
5469
5527
5529
5536
5554
5573
5586
5595
5596
5597
5601
5633
5636
5640
5653
5662
5665
5667
5668
5669
5674
5677
5680
5682
5683
5684
5688
5709
5711
5717
5720
5721
5722
5725
5726
5730
5731
5732
5733
5734
5735
5736
5737
5738
5740
5744
5745
5746
5748
5754
5765
5766
5767
5768
5770
5774
5779
5785
5786
5789
5791
5792
5795
5798
5801
5805
5809
5812
5813
5815
5816
5817
5818
5822
5823
5824
5827
5830
5831
5832
5834
5840
5852
5853
5854
5862
5865
5866
5886
5887
5890
5892
5901
5902
5903
5904
5905
5906
5909
5910
5911
5914
5926
5929
5931
5933
5936
5937
5938
5939
5943
5950
5968
5978
5979
5987
5992
5998
5999
6016
6053
6064
6065
6069
6073
6083
6095
6110
6124
6125
6129
6156
6159
6162
6163
6165
6167
6174
6175
6178
6201
6215
6219
6231
6234
6239
6241
6246
6250
6252
6253
6254
6256
6266
6271
6272
6273
6283
6285
6287
6293
6303
6311
6321
6334
6340
6343
6353
6360
6362
6363
6364
6376
6377
6379
6384
6385
6389
6392
6393
6395
6400
6418
6432
6450
6473
6479
6481
6482
6487
6490
6494
6496
6497
6498
6500
6505
6512
6529
6530
6548
6550
6557
6561
6563
6565
6579
6580
6586
6588
6596
6598
6608
6620
6625
6627
6632
6634
6645
6655
6672
6687
6692
6697
6701
6704
6712
6714
6719
6725
6731
6738
6741
6745
6746
6748
6753
6768
6778
6779
6783
6784
6786
6790
6792
6795
6807
6808
6811
6819
6829
6835
6844
6853
6866
6877
6879
6888
6892
6895
6901
6905
6917
6919
6923
6924
6926
6933
6937
6941
6944
6952
6953
6965
6966
6975
6982
6993
6994
7005
7009
7027
7029
7035
7050
7055
7064
7065
7067
7069
7083
7092
7094
7095
7096
7099
7112
7114
7136
7138
7163
7171
7178
7179
7180
7188
7193
7226
7253
7255
7263
7269
7284
7288
7289
7296
7302
7326
7341
7379
7381
7384
7393
7422
7427
7433
7438
7447
7540
7547
7558
7566
7570
7584
7586
7588
7591
7592
7594
7601
7611
7616
7621
7632
7635
7640
7643
7648
7681
7690
7691
7714
7752
7778
7789
7803
7818
7835
7857
7866
7880
7947
7958
7990
7991
7992
7999
8006
8018
8022
8040
8046
8053
8059
8061
8078
8100
8111
8113
8118
8119
8121
8122
8124
8127
8134
8174
8175
8178
8188
8190
8195
8199
8200
8202
8206
8207
8210
8215
8221
8225
8231
8235
8236
8237
8238
8240
8243
8247
8270
8271
8311
8332
8334
8347
8368
8373
8374
8378
8400
8411
8427
8474
8523
8526
8535
8545
8586
8588
8594
8615
8625
8632
8643
8644
8654
8655
8660
8668
8676
8683
8686
8687
8699
8700
8703
8737
8741
8743
8769
8784
8786
8787
8789
8824
8834
8854
8863
8865
8868
8870
8871
8876
8878
8882
8894
8911
8913
8969
8975
8991
9003
9008
9030
9042
9118
9124
9202
9211
9254
9264
9321
9432
9441
9504
9511
9565
9610
9629
9634
9640
9653
9737
9763
9794
9798
9848
9864
9881
9923
9930
9934
10001
10006
10028
10039
10068
10125
10158
10167
10182
10185
10204
10217
10223
10224
10225
10238
10241
10244
10260
10265
10272
10275
10282
10284
10287
10291
10292
10295
10298
10304
10306
10308
10310
10311
10312
10313
10317
10318
10319
10320
10321
10322
10323
10324
10325
10328
10330
10331
10332
10333
10335
10337
10338
10340
10344
10345
10346
10347
10354
10358
10359
10361
10363
10366
10367
10368
10369
10370
10372
10374
10378
10380
10386
10399
10402
10403
10404
10405
10406
10409
10410
10412
10413
10415
10416
10417
10418
10422
10427
10428
10430
10432
10439
10443
10446
10448
10449
10450
10479
10492
10495
10500
10509
10511
10513
10516
10518
10525
10532
10544
10547
10563
10570
10578
10584
10604
10642
10654
10656
10657
10668
10674
10676
10687
10690
10696
10704
10705
10707
10710
10714
10729
10734
10736
10743
10766
10941
10959
10968
11006
11050
11056
11058
11075
11179
11203
11231
11279
11331
11383
11446
11472
11780
11805
11815
11828
11830
11852
11868
11869
11871
11945
11954
11956
11957
11983
11984
11992
11994
11996
12002
12004
12011
12014
12023
12035
12040
12041
12042
12044
12045
12047
12048
12049
12050
12051
12054
12055
12056
12057
12058
12060
12061
12066
12070
12072
12073
12074
12077
12082
12084
12086
12087
12095
12096
12098
12099
12101
12103
12110
12118
12122
12123
12125
12128
12142
12144
12145
12165
12181
12197
12226
12257
12297
12331
12337
12489
12500
12542
12569
12570
12581
12599
12601
12653
12730
12749
12755
12758
12764
12778
12782
12791
12804
12834
12850
12855
12862
12876
12881
12914
12921
12944
12991
13006
13051
13077
13120
13151
13153
13185
13191
13196
13205
13211
13239
13249
13264
13275
13276
13281
13312
13337
13386
13396
13404
13452
13464
13491
13531
13555
13562
13591
13594
13601
13620
13629
13638
13640
13646
13647
13658
13660
13689
13699
13704
13716
13717
13718
13719
13720
13721
13740
13741
13758
13764
13766
13770
13784
13786
13793
13794
13810
13818
13869
13957
13983
13985
14001
14020
14021
14042
14190
14260
14274
14336
14396
14414
14426
14531
14581
14622
14665
14669
14681
14684
14685
14687
14747
14776
14777
14778
14779
14993
