23
42
122
133
156
187
199
388
488
527
535
596
726
775
826
832
833
834
837
838
841
843
850
1097
1116
1122
1126
1127
1128
1249
1250
1257
1258
1259
1264
1285
1296
1357
1395
1403
1461
1483
1557
1618
1710
1732
1740
1757
1759
1782
1789
1816
1823
1841
1842
1859
1938
1963
1973
2005
2018
2031
2076
2079
2094
2127
2142
2151
2197
2202
2270
2291
2332
2337
2431
2576
2610
2709
2764
2846
2889
2968
3006
3043
3067
3076
3140
3208
3216
3244
3326
3334
3335
3429
3434
3489
3498
3510
3562
3581
3694
3829
3831
3845
3873
3878
3953
3964
4009
4034
4203
4353
4384
4435
4445
4517
4591
4676
4684
4797
4961
4965
5018
5185
5187
5226
5249
5250
5548
5716
5757
5844
5880
5889
5930
6145
6257
6298
6308
6443
6624
6796
6841
6959
6984
7001
7010
7103
7108
7151
7238
7239
7258
7264
7294
7336
7339
7476
7477
7495
7562
7571
7576
7625
7653
7657
7901
7936
7940
7945
7959
7974
7975
8012
8026
8028
8183
8197
8346
8350
8371
8414
8450
8456
8478
8491
8511
8517
8536
8537
8566
8567
8618
8623
8635
8639
8664
8782
8792
8855
8961
8990
9029
9035
9037
9038
9040
9041
9043
9050
9051
9052
9053
9055
9056
9058
9059
9060
9065
9067
9069
9070
9075
9076
9082
9083
9084
9086
9089
9090
9094
9095
9098
9100
9104
9105
9107
9110
9111
9112
9116
9117
9119
9125
9127
9128
9129
9132
9133
9134
9136
9137
9139
9140
9141
9142
9147
9150
9155
9156
9159
9160
9163
9167
9171
9172
9173
9176
9177
9178
9179
9180
9183
9186
9189
9191
9192
9193
9194
9195
9196
9198
9199
9200
9201
9207
9209
9213
9214
9215
9216
9217
9218
9220
9221
9222
9223
9224
9225
9226
9227
9228
9229
9231
9232
9233
9234
9235
9236
9238
9239
9240
9242
9243
9244
9245
9247
9249
9252
9256
9257
9260
9261
9266
9269
9274
9280
9282
9285
9286
9287
9288
9289
9290
9292
9295
9297
9300
9304
9307
9311
9316
9317
9319
9320
9322
9323
9324
9327
9328
9329
9332
9334
9336
9338
9340
9343
9345
9348
9350
9351
9353
9355
9357
9358
9361
9364
9367
9370
9375
9377
9378
9381
9382
9384
9385
9386
9387
9388
9389
9393
9396
9400
9401
9402
9403
9406
9408
9411
9413
9414
9417
9418
9419
9422
9425
9426
9473
9583
9599
9621
9719
9761
9902
10255
10257
10263
10316
10512
10589
10617
10667
10789
10790
10793
10795
10796
10928
10933
11071
11257
11301
11317
11368
11372
11416
11789
11856
12031
12046
12104
12111
12130
12169
12191
12338
12430
12582
12686
12745
12763
12788
12837
12882
13040
13042
13043
13055
13062
13119
13123
13125
13126
13127
13130
13131
13132
13133
13134
13135
13136
13144
13155
13262
13285
13301
13303
13304
13339
13340
13341
13360
13365
13376
13378
13382
13391
13395
13397
13413
13425
13426
13427
13442
13447
13449
13454
13479
13480
13496
13510
13512
13676
13742
13754
14290
14356
