36
148
213
216
332
387
400
408
482
485
494
621
643
648
663
674
909
968
970
981
982
986
987
1024
1033
1060
1078
1115
1187
1239
1286
1358
1364
1419
1433
1460
1464
1499
1500
1523
1525
1534
1553
1597
1603
1613
1690
1713
1730
1796
1840
1865
1937
1959
1989
2020
2038
2129
2354
2363
2371
2384
2399
2427
2462
2471
2477
2651
2859
2900
2958
2977
3029
3065
3096
3099
3219
3239
3422
3507
3538
3553
3656
3679
3682
3718
3734
3738
3741
3745
3808
3865
3868
3870
3886
3918
3940
3957
3961
3965
3969
3970
4019
4027
4029
4051
4058
4073
4085
4090
4107
4158
4173
4187
4234
4252
4345
4439
4542
4627
4697
4705
4740
4884
4907
4976
4993
4998
5092
5166
5208
5247
5296
5320
5452
5453
5521
5526
5532
5545
5568
5612
5647
5675
5678
5712
5797
5802
5807
5856
5884
5928
5964
6021
6030
6101
6168
6171
6220
6230
6238
6267
6284
6306
6408
6435
6484
6537
6543
6552
6597
6618
6688
6709
6727
6742
6772
6782
6837
6863
6872
6873
6929
6932
6968
7000
7022
7212
7235
7257
7373
7405
7410
7428
7434
7574
7618
7645
7650
7663
7709
7735
7859
7886
7897
7915
7954
8063
8096
8233
8259
8391
8445
8481
8490
8557
8698
8813
8831
8835
8859
8901
8947
8970
9033
9092
9097
9114
9166
9265
9293
9302
9331
9352
9407
9421
9533
9608
9643
9859
9935
9951
10061
10104
10135
10156
10171
10262
10296
10349
10350
10351
10390
10392
10472
10542
10775
10788
10799
10892
10951
11140
11147
11172
11212
11238
11247
11252
11286
11303
11306
11308
11320
11353
11393
11405
11421
11423
11424
11425
11429
11442
11448
11452
11454
11461
11463
11473
11486
11493
11494
11506
11566
11577
11906
12001
12018
12083
12204
12267
12308
12363
12390
12479
12593
12708
12712
12715
12740
12748
12759
12838
12857
12871
12887
12900
12929
12969
13000
13049
13061
13090
13100
13124
13146
13327
13335
13371
13687
13743
13966
14296
