33
112
132
623
676
729
741
785
1211
1415
1506
1526
1554
1614
1615
1745
1748
1791
1899
2003
2264
2305
2388
2637
2785
2885
2953
2993
3021
3087
3104
3212
3243
3250
3261
3282
3287
3294
3468
3615
3710
3810
4159
4438
4519
4784
5136
5566
5574
6023
6132
6133
6136
6141
6143
6144
6149
6150
6157
6158
6160
6355
6444
6447
6460
6489
6517
6539
6568
6585
6630
6935
6970
7046
7132
7147
7312
7318
7321
7333
7437
7686
7744
7885
7941
8013
8034
8065
8101
8217
8366
8367
8518
8532
8556
8685
8919
9061
9072
9085
9158
9409
9729
10553
11455
11496
12711
12723
12779
12870
12950
12953
13093
13184
13345
13372
13499
13645
13746
13827
14310
14513
14610
